addpath(genpath('/home/rodhuega/directorioTrabajo/tfgMatrixNccl/pruebaMatlab'));testexp(1000,1000,30000);
CPU TAY
  Columns 1 through 7

    0.1310    1.5382    1.2886    2.5769    4.2316    6.7004   10.3714

  Columns 8 through 14

   16.2128   22.4779   28.9797   39.9756   50.8938   55.9334   55.5498

  Columns 15 through 21

   69.8246   81.0635   95.6223  116.5754  124.1523  145.7965  170.1166

  Columns 22 through 28

  194.0119  213.6441  237.0840  268.6956  303.0066  337.9157  365.3293

  Columns 29 through 30

  410.0465  452.7197

CPU BER
  Columns 1 through 7

    0.0936    0.3521    1.2314    2.5918    4.4273    6.7326   10.4969

  Columns 8 through 14

   14.6481   21.8809   30.2448   37.6640   52.7714   67.7103   56.2994

  Columns 15 through 21

   71.1190   85.6902   94.8440  109.1914  135.8331  151.6808  167.6548

  Columns 22 through 28

  193.5893  214.6536  237.3930  272.4494  300.1429  335.0705  365.5266

  Columns 29 through 30

  411.4734  456.8595

GPU TAY
  Columns 1 through 7

    0.2347    0.5053    1.1026    2.0076    2.8535    3.5421    4.7841

  Columns 8 through 14

    5.8264    7.4183    9.0619   11.3017   12.9782   16.2738   17.8485

  Columns 15 through 21

   20.2671   23.1328   25.4722   29.4661   32.2022   36.2032   39.9602

  Columns 22 through 28

   44.2855   47.8469   52.4988   60.5520   63.2915   70.2446   76.8040

  Columns 29 through 30

   81.2211   87.8716

GPU BER
  Columns 1 through 7

    0.2285    0.4686    1.0495    1.8009    2.5547    3.5180    4.5074

  Columns 8 through 14

    5.9060    7.2698    8.9410   11.2297   12.8715   15.6818   19.5236

  Columns 15 through 21

   19.7813   24.1566   25.3313   29.3348   34.4846   35.6099   41.6743

  Columns 22 through 28

   43.9275   48.1460   54.0754   58.4322   63.5318   70.2913   76.6411

  Columns 29 through 30

   87.2184   91.8350
