VS1GPU
CPU TAY
  Columns 1 through 9

    0.1393    0.8868    1.2924    2.3301    4.2297    6.5751   10.2422   14.7993   18.9252

  Columns 10 through 14

   24.1511   31.3357   39.7811   46.3906   57.1096

CPU BER
  Columns 1 through 9

    0.0870    0.4893    1.2748    2.3119    4.2617    7.0189   10.3794   14.4188   18.7734

  Columns 10 through 14

   22.8729   30.9669   38.3090   49.6922   61.0056

GPU TAY
  Columns 1 through 9

    0.0785    0.2494    0.7000    1.4123    2.1198    3.2832    4.2153    5.4498    7.1499

  Columns 10 through 14

    8.7844   11.2454   13.2252   16.0153   19.1144

GPU BER
  Columns 1 through 9

    0.0862    0.2332    0.6716    1.2419    2.2403    3.0002    4.2257    5.4690    7.4169

  Columns 10 through 14

    8.4414   11.4129   14.3762   16.5585   19.4371
VS4GPU
CPU TAY
    0.1256    0.9715    1.3329    2.2758    3.8845    6.9083   10.2957   14.3796   19.6187   26.0834   34.9023   41.4980   48.9553   57.7006

CPU BER
    0.0882    0.4251    1.2481    2.2057    4.3107    7.2713   10.0417   14.5959   19.8998   25.0737   34.4080   40.7995   51.9274   60.0941

GPU TAY
    0.2257    0.4964    1.1515    1.8092    2.4943    3.6054    4.3915    6.2274    7.5291    9.6361   11.2480   12.5153   14.8595   17.1517

GPU BER
    0.2138    0.4771    1.1284    1.7266    2.4156    3.3524    4.3689    6.1131    7.4442    9.0757   11.2873   12.4984   14.8710   17.3876