16 16
0.87298932933035467 0.61991418355868955 0.38377377559860165 0.4253323334456332 0.694456545678657 0.088153162655121672 0.37423970410756485 0.34473680826175651 0.74660760956395977 0.51994772074134654 0.61892104646067292 0.10165006218195065 0.53247752706655704 0.98942267207369372 0.17490767719426886 0.69228548926440403
0.71664704843504612 0.77956767584746378 0.34303927278068919 0.4779100229003202 0.68362279011116156 0.05699706493263805 0.74483234401121556 0.29629680820240639 0.29234755777713867 0.37068813988828192 0.40603612812354944 0.70877351165389357 0.64148565136564828 0.46112760668243674 0.84093557973078348 0.12559551775853278
0.58126282358703041 0.85899334642265357 0.78712518313447966 0.16146189143856521 0.78795864671244242 0.72748232142129365 0.36695748338615991 0.23510504693949347 0.018912072372972478 0.6722358616431533 0.10447365899557419 0.25963624001651936 0.44426848920180423 0.44219813764536681 0.79493586299364716 0.85661542104518185
0.39040030983576784 0.1397864186376126 0.37569062078827403 0.72795530818269194 0.97233438044437714 0.68449759547015943 0.084449306632622997 0.036769971023338163 0.35675613951870316 0.61497743333496502 0.40147695919850485 0.97816199888835897 0.20074953127186029 0.13586783702851007 0.011712059007139498 0.13595065978084192
0.53399791222730231 0.70122905335075014 0.67093785765074154 0.5693758846823016 0.017456190373858194 0.80656898898572316 0.34200076962611786 0.069222258025788228 0.059094333452056211 0.35114876491197217 0.22100803442860367 0.37559979543137062 0.21641155803054463 0.55995121218699739 0.8451085479315722 0.88055785590284175
0.43266794342490084 0.46676883778776207 0.16760487051525302 0.10957142113359745 0.53874551647594404 0.76171613746156619 0.8664684469147782 0.83866749756434178 0.099608662734279194 0.4460735764172184 0.56188066049382868 0.97713103533157486 0.68425502527357529 0.049731936754893222 0.93866572169164875 0.85549000446376489
0.04347533703334043 0.82945202586136479 0.58589282522325115 0.10081469823929927 0.67488268155057674 0.92298427856584431 0.19356464987177552 0.61165808476067263 0.87831858090231174 0.39015050235919507 0.69246886737529589 0.84803057852160912 0.83549157110353001 0.67291479668725751 0.045074762666632504 0.75166095635724939
0.31029409987112516 0.24381471811075112 0.82407094200739572 0.26431252266075128 0.64104265073391009 0.50188518283381844 0.7144885041470006 0.43117811252918653 0.25682843441238684 0.41700341532555768 0.57210191014369549 0.40565867536306693 0.74321873916458125 0.89376992695290991 0.52652439099977022 0.16456527371983526
0.91797599904911265 0.49296403276576856 0.66930430154421761 0.85770080795235981 0.30852005426776347 0.15527077348937451 0.12147168864569484 0.21807598026956915 0.15033677423766084 0.56972256892808748 0.66043993763331554 0.095987412034230821 0.89253743523209084 0.82825778985484599 0.2700457266899226 0.86565786201342387
0.58497525474145562 0.97996792343901773 0.72314715814821684 0.76247105352899947 0.51325721030291904 0.049109210114320276 0.15491781928190934 0.11846607744524022 0.43133784726621222 0.38500228221988625 0.48372248552780811 0.85013940723331272 0.11526351141869444 0.35078571379839724 0.063448631654801455 0.1351807130824268
0.54272961855655644 0.8796222547128858 0.39473783673695767 0.77084022831888122 0.48789635626745903 0.94996873014283778 0.53214908488616386 0.64605624776295023 0.70856259557162582 0.4454292744858061 0.22761501493488406 0.2614617679933921 0.062156047185933969 0.84570450810941911 0.31829830093555705 0.45763014032726118
0.10520272889300546 0.5056144602112046 0.077651190879854989 0.14475708540510585 0.018143970037582214 0.48416050816150108 0.024730145279882532 0.41844811576481639 0.90691176587290312 0.5180695887692145 0.2998890386024084 0.93713949450818912 0.51947518390824554 0.37495247058952469 0.47876730351809998 0.19790831107452261
0.45010875903383657 0.1738754542215411 0.98323698405249416 0.22190585884698694 0.88681627035639443 0.53008165008714492 0.77719350759314076 0.50300249156450894 0.60286503777092826 0.77367782083128966 0.36979793894077923 0.54146363724022917 0.89722320188966176 0.92618338619106699 0.083651093190710887 0.88223295830838411
0.82703576130556167 0.3084263724424478 0.027331626111156849 0.41540958146848722 0.54927232307045104 0.19124438068041277 0.85295535517127696 0.81544463937859868 0.69008795642915988 0.066598400962759527 0.64116730335022254 0.51155467996979576 0.21528110957089724 0.0025098551154087321 0.87007238707720969 0.66010663855275908
0.88928887940497747 0.17391368545483393 0.314425310176978 0.1901435792689396 0.75930453845036439 0.68498019518539377 0.42346257932436354 0.5724785462670382 0.72409682147078103 0.33062363485768237 0.58176023713481029 0.85575922967357754 0.91264580784231653 0.91135486275089495 0.7336279728601578 0.97038232405892388
0.10138897539439766 0.9922066211430568 0.48420264345217606 0.01327926735683187 0.1091284564471721 0.53772967803065697 0.8225237719689551 0.17295764104276895 0.028307007557125275 0.40662211575233104 0.85760050058003168 0.15890421711707964 0.32054840545632862 0.37186417419620926 0.83536842028598801 0.73892688384978944


