# Created by Octave 5.1.0, Mon Feb 17 23:22:54 2020 CET <rodhuega@LELPC>
# name: C
# type: matrix
# rows: 50
# columns: 60
 17.863054601219229 20.391625600176578 22.220207956443417 19.518217142515009 18.288876017788585 20.662219036074134 16.514022674097362 18.130856461477094 21.858979513308604 21.552393850896792 20.779350531083228 21.700169509275383 22.440146736543539 20.270919044207687 21.330046276402083 21.386173781529227 20.416205455106244 18.030154226888442 19.861373069861298 18.350430013246907 20.090586556533701 18.136930054007625 17.675809731402158 19.784471651221001 20.280068408758652 20.990665476733302 20.554834787828064 21.836034309082443 21.981873596760941 20.68495555386955 17.883316503947739 21.917950548011401 20.590606309527693 21.789277409548227 21.023734192065241 20.011838878034514 20.153643518192958 21.161972664923596 21.064268297407171 19.564894735587036 18.15073497374966 20.964335607266371 22.293147323461664 20.659158550029929 21.34204923866082 18.764488037579145 19.430372199277656 19.393102414299594 22.383393317599783 22.964237121246033 19.523907939477095 19.35656068387847 19.908387187342818 20.334876135064775 22.061135091728133 18.448496417547492 17.846324140444274 21.363924358402851 17.59804278025733 20.562793030141489
 16.170317246926516 19.065211771535125 18.668755674119861 17.760971952465251 17.016184376813744 17.828686918501578 14.650379942134013 17.225725918212039 16.815849499564976 17.795265513217643 18.225890780198394 19.036954396813488 18.75587988599208 18.22413483364949 18.463289308217647 19.657944455691737 18.486092981980288 14.673308990566207 17.778403058700885 15.982489015346305 17.104020857823222 15.75410978538817 17.621774763040371 19.098488275445408 19.081813369776754 19.024182229492379 17.340368223364582 18.79902926695171 17.413296642064086 17.522195416740107 16.319040838289052 19.651603181662612 16.263548405196499 18.309207743212998 17.229405205697152 17.953374963331804 18.985272362946091 18.277214098331296 18.487250591719935 17.047418715352684 15.775807560603987 16.918829361394071 17.989125705062683 17.441408525794291 18.748343051664193 16.426530028588527 16.9277605747086 15.572919739434518 18.680217155052119 18.607855596008147 17.670086752723719 16.565490574226203 17.14349952920821 17.280190738069933 18.851065299338792 16.434532930098673 15.629404098717384 18.498216260648693 16.934168112815943 17.893064306266648
 16.172611232073944 20.056158459115366 18.578903026786232 19.258665896546159 17.302590261051385 19.105753986141846 15.798827128926261 16.950760931534113 20.000044756141339 18.896331746790992 18.362154220064003 18.449650464735338 18.748138407410959 17.876704100341993 17.848685735794337 20.817183946684754 17.647574782654495 15.711079443591698 18.697882436397986 16.944349125592012 17.126188399586024 15.012297164293857 15.838022574809569 18.747610753389559 18.368733065773132 19.64213701909301 18.704341059744639 17.924127126332788 17.517076763025958 19.203418762992847 16.421564968190356 19.603131265146928 16.258099936182123 19.381825959434707 17.981796381670115 17.033039905459376 18.47518049776961 19.243530583438748 19.431338895667402 17.73137579394497 17.39593208438481 17.834042006572133 18.521815883503432 17.372456101361141 19.585598477353201 15.029466753207123 16.890104858931572 16.676012551682831 20.141388881173985 20.275682171383991 17.026099811224469 17.360474492652273 18.522092170529799 18.152048362758887 18.296132136771508 17.082484514997947 16.901972394764847 18.125169420949891 15.829680615865167 17.342804522362709
 15.893618306913393 17.823100962579247 18.041077178136891 16.769305694587569 15.784342962037357 17.235355510394907 14.764720746196042 16.472298745670525 17.856141602257928 17.764527640141246 19.422013013731036 17.877805080975417 18.476089885205649 18.496574005160014 18.080188473462609 18.442541502887071 16.662140068179088 15.390102640314792 18.618494290200168 17.6117218770199 16.78784028101748 15.7896194911729 15.724685184608578 16.101578186644989 19.586611062225092 18.852629907279155 18.392330006638037 17.361887000191803 17.876909743761288 18.22559247554041 16.646434921746817 18.041719232116201 16.658781381311705 19.31959917574105 17.27741482937887 17.956819268413987 18.818215134685492 18.534268116011056 18.056704059381516 16.316257809252654 14.495758472374366 17.351070183085358 17.409405067163167 17.857842905103642 19.812857181022615 16.254126381031408 15.600431543713746 15.751740898276697 19.336855249094636 19.554383223698686 15.546422481130914 16.89390443608541 16.961686994289536 17.079020620298209 18.748427755366851 16.690796654192791 16.011718648805182 19.177039609138617 16.670088139120434 18.079825590170742
 16.178380553127106 19.283893245352761 17.588294861536511 17.826523440919473 16.954934056747085 18.923794469565909 15.952486527606583 17.276014875780717 20.117842317997763 18.222787795541517 18.335138261520317 17.749680393816924 19.309529110859874 18.558609601100059 16.700176952790553 19.071946534182484 17.882229382254398 17.035016308299262 20.348440101059186 17.187674476944039 17.49375944252812 15.219662398538301 16.594416101620791 17.907554773151581 19.314488327980548 19.884543185523789 17.749659467345815 18.355061060061637 18.534187895179013 17.559771764184255 16.888149038167469 18.690427327852451 14.902283415716719 20.355875407893315 16.787126541736875 17.089832624980463 17.846463436163294 18.196734820288995 17.077700568459573 18.030550290043497 16.733508771960075 17.779532589344182 19.29944531387396 17.315298748847813 20.771457935021783 15.197810054742687 16.301578796962158 15.286443308885518 20.168558177923885 19.882624520197684 17.095607704330821 17.865949177687078 17.916574436164456 18.262558991410078 18.407567059283924 16.036993427523971 16.188842106446629 18.374613080598706 16.174293574388916 17.468963846932244
 14.718135563429929 19.579491094557639 19.560919004424129 19.239482275436576 16.191539596623929 17.504009195315398 15.738482532586067 17.208776803288426 18.850357201400804 18.467655057322197 17.445479283768794 17.041968636747075 19.334251472456991 19.537465346872406 18.282915922189062 20.052499612379897 18.104272674182901 15.648027299245484 19.490766680161187 17.155062847744954 16.695275216893339 15.189377285465278 17.009252866687511 19.097347678855243 19.343339437766179 17.202102683337685 16.219777975886803 19.440379877829123 17.229379786015411 18.075039880170248 17.125141966016614 19.068170326772446 15.930048502482073 18.949412413859562 17.20986806287759 15.884200023149413 18.72886836282888 18.656454089347353 16.912767293284077 17.430918654628226 15.97004587685857 17.473568599335113 18.105040715020532 17.509055707691541 18.092518984029176 14.535089605604322 16.907693107739291 15.664425072275227 18.297139932637705 20.680820291268653 16.046190428156876 16.144238131706572 17.015501117736886 17.909479500370455 18.668243790805121 16.547434737950056 16.629227348287408 18.815645030000017 15.843749637553751 18.577995437446386
 16.631301766735586 18.217819273014456 20.314523075867765 19.112297223389504 17.009310086033793 19.530256706066883 16.494555978923763 17.926226831883803 19.7813877457715 19.228674103221746 18.4998681458043 19.286925650167465 18.877380045161921 17.747948694597763 18.388711064114272 20.290837893248664 18.315455818438696 16.957741575913477 19.631026937946505 17.581892036983863 17.312914064434359 15.879881117057284 16.434229277012101 19.074075122652452 19.291244484893276 19.276890018003225 17.976953396343355 18.558003478680085 18.901055252568181 17.404295829128394 17.293982267699871 19.489184119955553 16.5109338197712 19.132427995724576 16.985901553007171 17.440011328851234 19.59826010437741 18.807091515456573 18.76171165660373 17.227145858482658 15.575071442365457 18.08609659873343 18.323533213756747 18.785423359777774 19.252601120751905 16.362198221136296 17.276452252605907 17.818968289055849 19.047125668367809 19.398396316089418 16.187945454233596 17.635471201178163 18.598990486274289 18.500762545847632 18.67798768469893 16.528004879088758 17.25951182061139 18.859512220328643 16.380562318119537 19.300282480254566
 16.759887425468712 22.217774979905691 19.862966971286212 20.374239580600509 18.062853756016747 20.835845577384795 17.76885290574878 18.707254842405508 21.47217521278829 20.435887395573481 21.384194239138608 20.894030777125966 21.432078123177504 18.407327854607701 19.012441775115192 20.427908179034358 18.95110451924786 15.713958683835749 20.107155411140955 19.743694921152041 18.744582838366757 17.287211692060779 16.084028766854679 20.127542737267817 20.087204747923295 18.887362864853575 19.585804109372024 20.050687194750569 19.758073391407954 19.839484803274818 18.643234812191867 20.2110849271732 18.558530534720763 20.796348394674919 18.23571764133446 16.734621091172531 19.506130265883698 21.025526335197853 19.698579049292015 18.882647246078236 17.422351179260769 18.393219069533952 18.700050756943622 18.283767543528331 20.195099881435002 17.126611109231419 17.784835754392954 18.600173448626965 20.459371272745624 22.39264092977503 18.783515142962457 18.148483026246453 18.79920160858692 19.780278556987387 19.631330538600562 18.153288883443974 16.791778943607568 20.494209217436868 17.888810227448335 20.18628057853898
 15.67374458765676 19.777413699492129 18.813196384238115 18.549815428021912 17.137636002133636 19.323559883131189 14.254735986331939 17.072212486301733 18.477922930499759 18.300969127879384 19.053509924104631 18.449945891427262 18.255385009178969 17.559688625179341 17.372291100043597 19.168868271880484 18.870982539403251 14.231385975288795 16.866203637171093 16.939905842511475 18.191213115746979 16.248622708358685 15.422365277355549 19.206496316999882 18.75898728894694 17.762855273017564 18.36885414275481 17.889968993196394 18.410372252044905 17.009247343268584 16.606816973829094 19.459994321350774 17.139669618555143 18.980822174218169 17.759098711034827 17.154598327791582 18.724796891247504 18.311789831862548 19.721745607034094 17.958617070134661 16.989532475092513 18.054163276835624 18.295362558410414 17.288529329375287 19.268790043042227 15.053977202723894 16.434535850700328 17.114505033108575 18.131706639569881 20.195428395296243 18.418926683912026 15.442944898980882 17.651137416680577 19.383575188895925 17.782609667376317 16.688385586525314 15.410100745389856 16.701039763032774 16.446450186113143 16.843171201405603
 14.899360792705062 18.005544854060677 20.559908929921356 17.079709881055265 16.230232876539073 17.96564410842581 15.208843953432774 16.546909872055362 17.658301655486298 18.57072071245117 17.616356001063277 18.70267296543048 18.628243727601415 17.048401987072435 16.914635757205804 19.436427327021946 18.305406293035709 14.974183324604489 18.1964178205309 15.834276005362989 16.26219496654253 15.88301536109031 15.87334036021573 16.532999788780234 17.776066355414148 17.947917590290263 16.720680210640023 19.032453394439148 17.674309917315945 16.987659904290396 16.253918255997089 18.816618621372083 15.845179356565588 17.672963052795748 16.586461482221285 17.199831594384889 18.349158773622541 19.361832497261993 19.059209054599069 17.442441444875328 15.400499455747477 15.878260815390039 17.300429908487839 17.898915839432213 18.481729775494529 15.47463009887128 16.799112587171294 15.670531663646701 19.023798606913086 21.07373760397758 16.846778370539255 16.738563250548609 16.298706981424107 17.462086972762293 17.829332920040702 16.543842495210463 15.156515639130609 19.722647348856285 16.161018905295094 18.599907803745324
 16.324215815071334 17.497161305498359 19.387466760607321 17.684959839755606 17.339312418849772 18.913067364544112 15.217149609529656 16.426189553478263 18.072550484971568 18.846403724783649 19.038005513363196 17.252692644948411 18.691768442412286 17.034508317823658 18.254391802809604 19.548175707746697 16.992968670918227 15.511120429038696 19.049513543960419 18.190254689737749 17.802251417004179 15.713944076045184 15.974614658660723 17.48462827964234 17.627417248417267 18.742892335723763 17.388859144812226 19.111438557846355 17.290190852569769 18.397945962410471 15.53453384690588 19.492580114830716 16.567486866554251 18.456683798519514 16.004947245708092 16.10515826643082 18.718236603971153 18.823368532437602 17.759018078405038 16.836114772048969 16.733329128623872 18.204375605943735 17.305879440853104 16.317061520172388 18.365767914597004 15.951303882747538 16.01498616763843 16.753552458785254 18.581458422134769 19.88717926046494 16.821025913791399 16.597706886252531 17.288814795708522 18.119007412762652 18.470550834391101 16.396104738853197 16.353330319144764 17.493333637429636 15.017320187973318 19.247502113038014
 17.989341010432735 20.943720312435108 21.422694084525357 19.6755124725358 19.578686366812342 20.626220311435393 17.237988742064346 21.085286702289768 21.287878211729549 21.240545720270465 21.052403787683666 19.777601509610026 20.890541080965193 19.628464060428499 21.834676148591807 22.682935312791209 19.422764828082357 16.298275440563838 19.966541097539309 18.061563298153938 18.384629137176535 18.141631920113159 18.482667248356918 20.335980600672457 21.428866801330102 19.866498039709203 21.159777349796048 20.988735923956078 19.960935946246305 19.944186475275032 17.467867914793235 20.844853121974154 18.782469592220242 20.68124849485282 19.231099387840452 20.203496196519325 20.036869153685444 22.135773346040907 20.905969258895762 17.862823879208303 18.115865050846256 19.251650136381421 20.526944760207336 20.707315295660042 21.902633057338715 18.038711779104176 18.406743361562242 18.586426769894562 19.962267432968122 21.986786642552776 18.482464942465008 19.934185740893128 18.989264914560621 20.092200372554995 20.800996322565524 18.890379258221337 17.710784434214521 21.61642556339164 19.095513213506017 19.820014103972525
 16.025139942640887 18.626841308840049 19.514837688505214 18.380664588017343 16.52382067260686 18.286483912869727 14.494606893907509 17.614066487064662 18.911547343580313 17.398136275380278 19.386366550429496 18.714402488301662 17.87158934139379 17.54068566909077 18.992149863029926 20.608204908997241 17.080053654821935 16.199174405280115 17.495294336162051 17.410550358781514 17.604216377940812 14.623075626748031 17.214106747495197 19.081043100138629 18.129973640801694 17.911749781393954 19.313010834420293 17.17640401207904 17.258913945081694 17.339380137513022 17.005254818068778 17.5643918195676 17.76230779293104 18.933484911914732 16.242229607871266 17.811296266602625 18.541555620583523 19.376783324439295 18.690476128739416 18.99570524737257 17.97594856905333 18.163993288727244 18.495950634830351 17.216265625508502 19.384367863536045 15.839197152178633 17.574724881700622 16.304891472198101 19.613850972323341 19.996203357356084 16.48708539449029 15.624497699418809 17.92138988120178 19.546880258056014 18.91492334177034 16.461856685279496 16.074984751388168 17.442741870736107 16.446421135085942 17.687760924351267
 15.480440707910397 18.259028776148682 19.073260269244063 16.692890204352206 16.965524906394986 17.385397973109473 14.161616973042131 16.80711561703982 17.824967981354742 17.606254983030027 18.150168693569132 18.853686437349854 19.17415016672939 16.603650362530463 16.814201632323549 18.943748780414172 17.818413138520928 14.269702564841543 17.2674221585719 14.907711989949028 16.502770171937218 14.769682692005176 15.516372660991809 17.769527130803993 17.377059647325805 18.392589283010278 17.558102848616976 16.507492924269808 17.765054939184843 16.696733030754288 16.380197750123347 18.222256298862078 17.204233089980306 19.680343114796479 15.462604909053193 16.297033245248954 17.709241239780827 19.485187470501597 18.481088211427387 17.120463600694976 15.233886553029905 17.019514629514656 18.888393588301788 17.858544211807953 19.3027624230951 15.7902145281481 16.536102293989813 16.552582222772525 18.220419550426914 19.135492163499293 17.182323199507632 17.013021371202694 17.307622446436511 17.435715709323535 17.747514802986288 16.245959930117422 14.975142248701733 17.532222975076742 15.001507766066887 17.954045647749656
 16.347343729007907 18.01996291576387 19.0026356078892 18.000860586297364 17.553912531205597 19.360085779742317 15.459714170934905 16.281623317466799 18.074591168128713 18.041171689316904 18.707826447848412 18.902518138319756 18.971514853706537 18.352849238306405 17.588775116569661 19.93904677742189 17.457495682178308 15.043680491718536 18.223045457020689 16.861519751547952 16.404524944141091 16.164569001369575 15.682867189796154 17.449873070237135 18.534946269977421 18.875010212708478 16.089420016247566 17.364019340007118 17.640566568086339 17.751684879911181 16.797237289217154 19.461200582224915 16.721867169843982 19.073871849816431 16.668367555390546 15.219557911787891 19.931148555583139 20.516726737232013 19.363192266782765 18.461425749347836 16.172945057680135 17.20188124179468 18.141416816871342 18.025044189986705 19.287069851864462 16.192494886140373 16.697426975637256 17.782390441441432 19.293984811751884 19.366356491337321 16.718402968482359 15.787517529812927 16.718995524708316 18.884533067811354 18.273216440320969 16.081309743024914 16.429530638141404 18.503800980029794 14.631181416831321 17.754276044579093
 13.578914004623259 16.85494083689786 17.459942953541194 16.962864224504276 15.724762311239665 17.696739126156832 14.109022898327673 16.30190539167905 16.553282081715029 16.609255356403199 17.345013955813066 16.934601614241316 17.061289092168238 16.301249328807994 15.795861717224801 17.940445271311468 16.812095298925509 13.554160515286885 17.126091539631357 15.584217952460598 15.474310334585818 14.351455340654441 15.036698549882855 16.257089110369222 17.31424464422021 17.752489510909559 17.505646967671968 16.155962026484787 15.985530453452309 15.614877241459954 15.853990308235883 15.842201696305519 15.495297958858451 16.816959987124498 15.118657848955147 16.495655094886079 17.572169317179736 17.838123963480328 17.052855526055119 15.827259250491538 14.497243105484278 15.149748355430072 16.816903940749448 15.538296949671254 17.359185221673425 15.177390717150057 15.725298263253091 15.192921667179293 17.858447813367938 17.571823611057216 15.271840215228092 16.945666213804547 15.021306896939592 16.752149536060656 16.769424626462079 15.067519903833809 14.25820263206054 17.170550746874241 15.632185150895035 16.042252747550894
 14.254738419653131 17.833907933603896 16.964497165978479 16.886669884562625 15.273792609867868 16.616327519879661 12.669810294329375 17.584896688970886 16.884122924889098 18.699580697121025 17.786918190921202 17.42427586043754 18.369622617665975 16.801731683172918 16.812959967753223 17.061276699916927 15.311507020878826 12.802864178246104 15.276446746386251 14.40096831610712 16.088423810278584 13.869052128006865 15.343974873451918 17.143627019246569 17.72684127778335 16.296615928004776 16.783254424281136 17.794885052392896 17.156800716533994 16.882607079140559 14.862092144732163 17.204900701668784 15.613001040098199 16.884166897202409 15.929447922083744 15.683499441798812 17.589262034089582 17.427719334949884 16.635798318552798 16.776246408848049 15.315185375613353 17.098453248315131 17.58246607455829 16.06835465492895 17.794972013724077 14.570232758698818 14.747747697761177 14.609931102448092 18.314994642852849 18.828505673245068 16.799481234758396 16.226624161769685 16.05115810749729 15.517950487938659 16.860883497120508 15.577388625817626 14.513367138594006 17.293149313770908 14.641720282678897 16.991416496831295
 17.387159417097315 19.925831617044874 19.70622800905528 18.914166461556199 19.084797483548503 20.863716669299446 15.435909130561303 19.159897206053074 20.891977844238955 19.781102326575748 20.330812896722989 19.672712953988917 20.994153346198146 19.742163107077698 19.681953788778017 22.361676283226235 18.42490304040313 16.90418684970177 21.097871036154984 19.331477414255861 19.195130613449688 16.44620071683514 17.701919335542588 20.951554501017583 19.836678219720806 21.198244420450351 19.727700753936141 19.327703823845511 19.67084565615707 19.65134543903185 18.119208479247412 20.605128372616928 18.226719270954327 20.273931260886609 18.587770339408106 18.870426594532745 21.154050133464647 21.213366292027697 20.160685220926883 20.505258196228898 18.307361475568285 18.736858343215456 19.220223379380119 18.711431928948645 21.360069724512801 17.605084446273043 17.897864205615367 19.141340280236765 20.127875563142506 21.882945886039614 18.312680755919903 19.247134919508742 19.588858024416396 19.519422062533685 21.117403166307938 18.70533225085595 18.450085825106811 19.755155680212781 17.729049780712042 20.158067618916366
 14.957152071463897 18.25235315602956 17.464492059288268 16.74626678843892 15.378654915303436 15.671697909992284 14.013872774821563 17.78358955521194 16.732244476957792 17.790635135294512 16.719939600565006 18.619734811703875 17.715139354239568 17.281657627071876 16.98945654854775 18.636270299867405 16.249364659241031 15.231007662340602 17.736009089021973 14.920257335313494 15.227132044299411 15.113617209414135 14.863562192853683 17.630243178862344 18.142949596000904 18.139702733098122 17.25781793750301 16.932796399132471 17.37308615046517 16.219420026037906 15.631785932767441 18.077951436027522 15.277376367487626 17.343172372421691 18.062401245963123 15.506162443544508 17.971023531555552 17.731527523571593 17.162903750285203 16.351686675985807 14.488332479439576 16.20386088408863 16.757881099682916 16.766409530365262 19.730525218290463 15.691470419458112 16.798302076837381 14.894431985487961 17.992253522523825 17.909589541876624 15.554018334272802 16.467471105574646 16.813105636846675 16.64903202594661 17.985387771059262 15.3464027894751 15.233947021632749 17.613700487214132 15.820284351205395 16.95686359365472
 15.211371659904847 17.851679803914443 19.004029912578325 18.707302060074941 16.128010607997506 16.846544574977358 14.085739810525302 16.436854966322311 18.322601536481553 18.771196156801757 18.129647989426939 18.870269617013413 18.598510431084442 17.064152951904479 18.432223432885745 19.745842154772788 17.254580490701834 13.992328134717328 16.431343999785287 15.810028531344654 15.885249468603394 14.870172357035045 16.030015459904494 17.082147688154315 17.428704644111203 17.69392073429276 16.814670839397621 17.824671876765148 17.254535750859127 17.685119481576965 15.236630526409105 19.137439141588043 17.815377419333107 18.370097023707331 17.148339818135323 17.831607661195509 19.352319405112496 20.142929675781147 20.023563358932837 17.122943557983724 16.97971179073182 17.442094621689229 17.983876182368391 17.505927907326956 18.771578637697743 15.760998320717697 15.246354800653174 15.855385883818844 18.444601517164134 20.463190804774104 16.014032296769482 15.970728888536346 16.38025546832932 16.768414000628482 18.076904007093308 17.456569563628506 15.40217877412584 19.379571671197255 15.487629033510984 17.315763498114983
 16.603856776051177 18.228544126986151 19.196625949749748 17.490128245195482 17.49167984302391 18.571661092548784 16.161338126873044 16.727804545996126 18.179745130928445 18.252558503743 18.874544512634895 18.672987556953558 18.040083575925923 17.247809984812243 17.444047668047848 19.670727105341534 18.59965824630779 14.226541106923881 18.867728122015645 17.477181672594565 16.182140767514781 15.614141342029594 15.305597828505986 16.560331272297141 17.777000320225568 19.157949151531923 17.804032933447029 18.342345134516155 17.984365472270902 18.197971530614769 16.685609980082894 20.256698895360483 16.108325831509671 18.403802558124102 17.085464888217107 16.407127468312787 17.754405717032483 18.463841067312952 19.695214568108995 15.463907963201512 15.190752405068976 17.168335909001314 18.338391401858846 17.495912644041486 19.037703543213762 14.459500404448566 17.319660459728848 16.779544886219131 18.330942998852375 20.36491055439901 17.015338939293994 17.31067796111402 15.940270438306355 18.042778486824812 18.092084976716713 16.891260807440304 15.306995272505153 19.187664378971533 15.459853622700692 17.958567997337958
 12.969586440569676 17.143273464791342 17.830064828655058 16.500400568288573 15.687377100391684 17.827864634046456 14.38830511522581 16.5070157696222 16.380230263668608 16.766110075267697 17.758453233692222 17.09829691345438 17.945506287082964 16.544073376631548 16.290382597343349 18.359385966812596 16.764350459356763 14.094273004805824 17.97423392845128 15.631753936099027 15.822408731017413 15.781426390634113 15.273092762469645 16.067550896073708 17.49898980937796 16.695528623593983 16.75232689897803 16.243974573762575 16.208659111085264 16.346129598375011 16.050255845039487 16.173163851350591 15.6092524292101 17.862445784940522 15.647970028608963 13.86025488496303 16.406031148433097 17.889679380906411 16.616859853854528 15.559823549484623 14.503782875431598 15.010785108782128 15.166871680524647 16.508860551411466 17.139508104448453 14.466031302892164 14.195593203841199 14.73381036786658 16.97721567161841 17.039461469797544 14.810853609154824 16.137152393934745 15.329852963746321 16.339182802629168 17.220743201596015 13.842831193491389 14.111047112637198 16.782633461288388 14.411544040565433 16.377984645080122
 15.45972376192457 18.728972264435019 19.283051739846186 18.324752947488971 17.367823125915972 19.976576469012169 14.707625242621118 18.003869655364849 20.93277002981538 18.910448143700943 20.360329906734083 19.567602531676496 20.058914025383419 18.915444397788239 19.035294461061021 20.084882896947889 17.362917472087155 14.58109502431248 18.707197323990716 16.571308447472187 17.037217934791947 16.803487742265631 17.349331228686992 17.415069246023222 19.568236068994782 19.960765410484306 19.358931002404997 18.458772080189235 18.486293620133107 19.208360320959205 16.785980939183972 19.605121545127268 18.224945107633307 19.865786684051411 17.800871669323655 19.125272694477985 20.597041203237854 21.043762589332403 20.269629150851586 17.98625567061648 16.399717867544936 18.615854297011449 17.500891906512631 17.956855024716116 20.382595476160731 16.983301823851718 16.109983878812805 17.510745443540305 18.323465252633465 20.012952836539103 16.974153419761084 18.25019287447844 19.303886518919263 19.007609167586825 18.113563783692832 17.08097688231549 16.787375592981906 19.068313016630512 16.493314483569488 17.61482555445534
 15.956497372194555 18.090806297211298 19.007516979739425 16.214475243534274 16.548441118071246 18.52769073197652 15.368725950222739 16.650681812963608 18.268228193058476 17.558856034839025 18.792283912945031 17.254033911569618 18.077821429906567 17.450827325592353 17.802528026584255 19.197158824886145 17.056180996443452 16.186205170644886 18.281529033197909 16.020129233929584 15.457246958207998 14.557821944383878 15.689447019275462 17.39297040207661 17.988092860696376 19.676170702592618 17.224273729211944 16.653307985428647 18.313220776285252 16.922492838817963 15.405320663680101 19.008321362762871 15.98091446379985 18.707142202135866 15.408832447573161 15.710747754726377 18.672288257673809 18.364352418213191 16.605180183165391 16.437875103591651 15.13887454139628 15.757362727306134 18.195515308920619 17.229187790259335 18.417217995676527 15.199507962441619 15.788410318310149 15.749236825809046 19.174785467969482 18.25077969861222 16.99222004065939 16.832293669809765 15.731342897472643 16.680847784847128 18.032903495598379 15.027612281364013 14.976210190450708 17.965172426739652 15.935494777795425 17.846267835222516
 14.507956573523453 18.455893323650255 18.991005047817062 17.619815460059744 16.417555168098708 17.032128952351474 15.071569063105306 16.740455825460373 18.984308968754156 18.248951830211983 17.225017863962094 18.127067183939722 18.888291940097982 17.673916850573558 17.148930928032325 20.60337962279571 16.74106823344443 14.802658881232135 18.228072356680027 14.231492078790396 15.887290531204386 14.480831637056649 14.623770195640649 16.402043572290296 18.125574069038507 18.325413152572274 17.203947487258343 17.207806090029464 16.540358305449477 17.13004199043257 15.771101149065951 18.127458566997902 15.658585324866328 17.564315812200153 17.209953820917423 15.520507211040567 17.601150724551207 18.382072843275768 17.588367090482365 16.30751336148375 14.712801017067877 16.646986081943286 17.620569754627592 17.112636393726149 19.791236938438683 15.990993994086651 16.739116483883983 15.13956217826988 18.112106937971578 18.724245017058269 16.423409405237475 16.789572888596584 16.126554074455242 17.138048314132654 18.510893452027585 15.968779281340813 14.677754532045268 16.86486953726914 14.336465889258761 18.5037778102133
 17.14023163376962 19.651176492232988 20.594482915563699 19.142456153608933 17.881644554735548 19.462545592781407 15.81066186588718 19.055846881343975 20.231297064554646 19.366836020835461 20.445075424740569 19.596723198819966 20.90754254772996 19.352451545312775 20.624616754655776 21.671129923900036 18.420500698404716 16.869455576194312 19.66762657444875 17.527514201845769 18.705606286580057 16.990715550156132 17.617833693594321 19.604599086015824 20.26739305465069 21.126773559463576 19.737899646058988 19.982449744836025 19.490452374250605 19.50284218426253 16.93123819363122 20.095161226452447 18.036421949086471 20.591107740499439 19.862585595637761 20.694869118866393 20.257419358937945 20.618177216288956 20.487181705848869 19.068079234688479 17.035999603197244 19.270893723247696 18.708086856995088 18.637409560177911 20.803602123887146 18.780448209693148 17.011289757957734 18.335243981808588 19.876646312076957 21.695995471718728 18.504689879329302 18.609991586865906 19.175895773739544 20.047714943378971 20.371562102893311 18.495075328787465 16.98427376224344 19.518663808136932 17.72447983710412 19.880050572009186
 14.272668937068326 18.180733207610505 18.213666483231343 17.738816037235523 15.651924438201828 17.702800387374396 14.768558691902044 16.590225092219868 19.030084765746285 17.329770704266092 19.224309692147347 17.305535416960002 19.716795187626079 17.824107181106569 17.207977356754064 18.315425627279815 16.604377569530556 14.330973086715122 18.265745144733927 15.555409431019086 16.750529253257056 13.758196784253768 15.528299194494286 16.228098150328719 18.767905521089698 17.906289079622002 17.063727738946362 18.712138901936299 17.594964764563326 18.623688384143723 14.807125956498457 19.137216160971604 15.36033498039038 19.083247141002037 17.451534782295877 16.885844272027789 17.576891283753884 17.502345309418743 17.724160439600951 17.213452531273695 16.245155992693292 15.963227481513078 17.76890890857862 17.823555549676918 18.106928623783247 14.985201580373246 15.456199536252637 15.42309473850286 18.13040636113492 19.879865393614764 16.664111887870511 16.577143315334943 16.331822680268413 17.88843340405796 17.590981612491749 15.857801671789806 16.182915560046354 18.627700863678861 15.472919628787409 16.881930533266356
 18.224384612911383 21.67800845115649 21.389988345036333 20.168986708519085 20.249473198267758 21.112946722832593 16.080917123980583 19.583553431323725 21.144580198921105 19.987679762531336 20.621610520498614 20.788904943382907 22.510250515531126 19.600735047183317 20.868197456602662 21.627987926931027 19.971354730301314 16.213692519837394 20.921503683293878 18.705077970860916 19.334307952351981 18.117069503796817 19.755045119578398 20.434879928636992 21.377255255494088 21.675006654889891 20.909743994538708 20.823824858753351 21.150406925893339 20.136979106940096 18.872677711151002 20.318182693155659 19.695903545828092 22.267770420094227 18.435202569507791 19.741372817741993 21.156732680319855 21.41462176424097 21.734867962048114 20.835214723726715 18.559248652014702 19.809361222136619 22.29555296734134 21.315308698071981 20.776692055952957 17.616591036211446 19.482444564625357 20.183303996531986 21.332388175726752 22.223031117996996 19.512299835357851 19.871081876423947 18.26735624720186 21.128005622873463 20.875296999423597 18.28683344546382 18.650331473951525 21.010604044349549 18.431269371442916 18.605951130449668
 15.304321737390429 16.975184950869441 19.150586163807233 17.359307909202787 16.635081121561193 18.234538503961879 13.972633077506316 17.672080392628647 16.907832198541016 17.761936305444227 16.791446805373724 18.016357672462608 18.713198687557309 16.369453122989061 17.995642150907635 19.647568341511445 17.894481997489777 14.429734861902405 18.058419892510102 15.090639903899929 16.557425782019951 14.794793009649142 16.926598203276569 19.013050008992057 17.24430817945138 18.057823645619507 16.652434058012211 17.725425416125553 18.304501335064838 16.881221942948976 16.418050860137996 17.635937883177601 16.082122828645559 19.311262907165766 16.45910528301151 16.009668444774743 18.915133160831164 18.115953846792369 18.53895382428858 16.815963261034927 15.963981115241211 17.513297937532872 17.927139031245872 18.931660816873059 17.837056007236274 15.591917305194903 16.884526498194749 16.895510320488992 18.116031344052409 18.325935075346724 16.16656088828984 17.366115337016215 17.293691627725895 16.485852280932971 19.265225650933317 16.583024840141807 16.195792615605118 16.600451755844276 14.897265658312595 17.490370804904764
 13.926933870543344 17.710727786788315 17.092373205314203 17.297499140059539 15.260406230901806 16.041402428402925 14.805883906555797 15.98975441994928 18.085030782852336 17.453138023032437 17.174429949099455 17.51678576856774 18.495512342032583 17.285542529691192 16.012834409870791 16.562985418678934 16.792161281488536 13.936376989430316 16.947243963273603 16.253589244933082 14.41482818485526 14.457497215795751 14.539017207772407 15.464495310610159 17.588067971611132 17.389111423426559 16.314277287326309 17.380578303016875 17.410132850868266 16.066052073858014 15.837361957845088 16.661796805977154 16.464407249938827 18.178161930786583 16.437862441998941 16.814380099180013 18.005982249715196 17.469309406247632 17.685103827064161 15.709173348680558 13.416204977540398 17.348921673774214 17.078846944725605 15.806341764621276 18.555300506020746 14.303684495962147 15.683898810315682 14.712360147703485 18.282247084408375 18.91273991016806 15.215586695534181 15.119826237843661 16.940464205303549 16.777538494000737 17.717243150391351 15.921605243809466 14.520032659453172 17.781415596902693 13.81362590876774 16.836152696615727
 15.689991190140878 18.412511359989718 18.588603390832887 18.408011743789746 16.053735018124296 18.643342939135621 15.983177452112486 16.973190250810305 17.837285438762983 18.255293591238615 19.742368481740982 17.604939949699556 19.189606737208955 17.753644738572383 18.106949699580362 19.412987525553962 16.14658065998519 15.17456329720518 18.461287065569898 15.726700526698879 16.020452272262155 16.116388144233476 15.950540622696959 16.664741126002077 19.575242687207371 18.46310293034449 17.777446513967583 19.18333911091641 17.634547154487322 17.888817687085815 15.441138090302793 18.977722047997144 15.908771149239687 19.502053598758494 17.472029763112044 15.483230957030729 19.372102549974255 20.023406909362492 17.570864035681041 17.414958471383709 16.776071434403324 17.214614591398057 18.412012318054757 17.584033178114524 18.813708283388969 15.963019505871875 16.069986016189098 16.555066853029786 18.128496435719551 20.113453742170766 17.922260962893567 17.528266178515491 16.455909497892833 17.96234835144336 18.417507792204997 16.786346615709569 16.571318097838809 19.180493572451606 15.445697271554383 16.972806298709674
 14.781432846889434 16.609380397008721 16.955954899314445 16.469101958333127 16.504031020903128 16.194648216204417 12.665034780574162 15.008859547967807 17.209519488195369 17.261029569282904 17.083361573917824 16.4293768051153 17.670229481467292 16.366335927728453 16.395254802818151 19.012012972197542 16.603018264695258 13.801830017831517 16.748190917233504 14.717203821751609 16.033404518749499 14.186957315992199 14.011689434713396 17.389683640899634 17.121676906362602 17.440326556287879 17.265324237707624 15.854984635858282 16.975671608203168 17.172168091930068 15.081577979033506 17.857979039698812 15.052489730099538 18.170117297400502 17.466099679054587 14.498378716359595 16.40319435224993 17.899590275342998 17.752855640378691 15.922713098315306 15.725843280101239 14.913641812734754 16.942622857101551 15.901661750473574 17.010487005415939 14.484846698103444 15.410895463492178 15.271124618136801 17.598253019840289 18.161656976667086 15.585474675155039 16.531873231342761 16.327215112544931 16.04463474764734 17.589725025953491 16.168369589118473 15.129149813532463 17.086207810354626 15.516359523898201 15.934676870802122
 14.054561134951726 15.628294560798961 17.034981918190216 16.601819296253574 13.802451084524824 16.439506634026312 13.328433356664881 15.537228335261869 16.956019871788282 16.479701894440598 17.185760448032031 15.914333612299245 16.938596227076243 15.599520444548604 16.489993986948559 17.288007270158761 15.391478387466261 13.556973046393331 16.597073553953258 15.308281582954685 15.165860860786296 13.843896195461117 14.763122581775685 15.131829393458599 16.393743429866301 15.799926902534363 15.75167435907872 16.572738268834314 15.865862966807152 15.662293389651486 13.518627502860154 17.490861908359605 14.050078494390617 17.41047509433022 14.790245419243918 14.796162798111375 15.472326247021188 16.47892112558181 14.909343252504391 15.159179813840291 14.201090604562987 15.08408567954995 16.142125534492717 15.834039820049052 16.317899569497637 12.66660463347028 14.490418109587154 13.60017475381331 17.009740373914887 17.331101627369602 14.598586575254044 14.943360967465749 15.125591348772044 15.896016974819213 16.087744981215046 13.518142116953218 15.341449420652159 15.388262970230054 13.615127145840027 15.723945631863185
 13.611612777322527 19.107939012241161 18.327583187236232 16.937062776754377 15.212153786067383 17.956233220241664 15.492611857774687 16.469601535401566 17.711475525447582 16.543200817235395 17.650714445486919 17.604004462452561 19.227909025771304 16.958017258741339 15.456186390744451 19.014011830909254 18.488777696935546 15.013819534035781 18.491534615762543 14.642122449135558 15.5555289302456 16.540028765100011 15.803728567642786 16.487401902013044 17.811997081213619 17.297561919796799 16.3078490826075 17.634582396004355 17.819595524948088 16.133694930372577 17.019852518590152 18.088862189684814 16.057184708276417 18.338831187760213 16.676543051223465 15.417327640495573 16.914853619669262 17.955774432909234 17.275367759793582 15.836031658836093 14.742532774310245 15.956928341886929 17.603563699099151 16.39262496214651 17.857743805011427 14.696490518244785 15.811283941510984 15.445546918838811 18.511467237623268 18.149342972114855 15.139859574010652 15.860734832682081 16.552453029843523 17.524043953102623 18.121685465264004 15.818373020006691 13.489643654488022 17.054311492353545 14.826934383710343 17.85063096338898
 15.126313538563489 18.634005928561947 18.221545218714674 16.435246245471475 16.50529612296603 19.787010116049117 13.477373069886646 16.66377749666033 17.754914023095182 17.073691668728788 19.521277614998407 17.985980662922145 18.431581354118112 16.47110670109749 18.341171734364767 19.476965736614385 17.233041910913563 14.876352152271252 17.603941485318952 16.964154292913719 17.659925655270904 16.177180021469226 15.943422348843296 18.511630984369294 17.592642623486466 18.6063290983661 18.74100785343073 17.646576178538854 19.00537269018103 16.885986907297109 16.012771264936973 18.619668885643961 16.924002712256712 17.907315496778914 17.004330329045072 15.466505206197269 18.371377572017884 18.017032245185767 18.79715836561406 17.304182854112874 16.552221657547012 18.400951427872862 17.398325563290356 17.684841935032793 17.526475962602614 14.507399651185768 15.874211493633497 18.192825241337836 18.628486735881051 20.025016003699658 16.32124029561248 16.985405447547343 17.019538094611569 17.969929923303315 19.325546802039955 16.064545954136236 15.562465197094133 17.230280380331326 15.856313019996243 16.992504107099631
 13.522587631561743 16.30911852797399 17.342897715859518 15.074561408691869 15.119657393334052 16.143544354632766 12.373733184366474 15.820672665739369 15.630687846796681 16.594435129151837 17.37624211597425 16.173434345596821 16.071249831107576 16.80384180541893 16.29564757318413 18.788566795310071 15.941784368514154 12.976811991047786 16.066624572070953 14.65226888390699 15.396402520340786 13.87038828517368 15.226873804427111 16.941852514935146 16.899109402122434 16.678362073918862 16.796018756035114 16.70633112497497 13.949978557931921 16.271629349097843 14.797249954829958 17.12731370319921 14.464184629311987 16.105828356393484 16.561782671763346 15.315461583246485 17.104242041243815 16.937540563070545 17.048254797193351 14.834360264223951 15.040613268546787 16.389615595083164 15.401644214903756 15.48336643817569 17.799637592040568 13.77443023255956 13.779654795179358 13.440157591010482 16.727953620464501 18.71506898011042 15.403069650577917 14.665558069655679 15.948757664169744 16.483152439782668 16.884805685038412 15.012638205065411 13.707354232104617 15.832491492809677 14.313208675072911 15.934709146236415
 15.410628481852003 18.577143204640922 17.991329180183353 18.935273078588938 16.258145496251348 17.561860599924785 15.482977676429805 16.867270935240509 19.187583461886135 18.489789740738178 18.067261282125372 18.915243996337008 18.278381662549229 18.589453091212473 18.915335913985501 19.086432686728728 16.08450325823809 15.769692785881332 18.569087956972364 17.775740118220138 17.373752333554823 15.801035957606938 16.719318285545228 18.041233057973219 19.865232486908805 18.116728633315446 17.800781209500478 19.0286205348316 17.452226379667071 19.106728928314279 16.946221371579451 19.163720764394441 17.246655485560566 17.902893521211592 17.029813013947194 18.13136744321228 18.938644912226557 18.8313629450824 17.978538307481472 17.540687520302747 15.94610091267738 16.835956188146973 17.714033515982859 17.320009800226675 19.173113390618084 17.065764417638373 16.633028405101065 16.047637855871645 19.317133923800238 19.20147785851794 15.636627188897743 17.07449887111904 16.529909908063466 18.063887941128502 18.485815767948736 16.209125356974685 15.440289366112182 19.544137201306242 17.388700105359156 17.366641273765087
 14.020465933061885 16.508055602756997 16.482423678245912 16.383432292821876 15.689421406613445 15.349572464814038 13.986464047940835 14.051811548992902 16.424796288082657 17.46949908468445 16.947760227219202 16.155599593888876 18.080805528255318 16.36852806019931 15.265855670291607 17.060450171510183 15.680970570411663 11.693536798650868 15.684083774953173 14.904717166330959 15.403137447244017 13.729365648976696 12.820509148351579 14.927758011171873 16.905846176656929 16.566822550620515 15.343121366487788 15.591406398234952 15.523236020168659 16.386637603378968 14.990707032306149 16.581674821842658 15.153466358124641 15.869291449232488 16.958342741584865 14.988798020753736 16.12522344201065 17.689507537833908 17.938281135403113 14.679314010215592 13.301102168718932 15.801871795214636 16.753933080264868 15.135774921421355 17.270624230654732 14.929203751265455 14.801857612451956 14.253807667427548 16.273004578259556 16.70284690115178 15.373270446450002 15.741828432546718 15.857534764877835 15.922128127852288 17.362226767468542 14.484203106791213 14.076260774503886 17.294526028870099 13.455214746931516 16.560724734964865
 13.302432953630273 20.712415545525939 18.264263927361018 18.015780215754443 16.262129526711185 19.519469364529762 13.701023158665258 18.424019842765759 18.694438136573794 17.416344328511972 18.874145685196375 18.268094549316242 20.237410594603034 18.151040847595144 17.411023216624777 19.42439491195465 17.618867158289166 15.697774209492319 19.056773587527729 15.742552298116312 17.403323368268758 15.530701292496088 17.319719547641018 18.971487128303046 18.756130104963379 18.071135165148998 18.548818293844374 17.549852089155273 17.370081097951136 18.250761050680246 16.769121718732968 18.651954302500258 18.103268579940909 19.564466487065229 17.00611900056963 16.639944941998376 17.681524871011909 18.579445855952788 17.649797229552995 18.085724310312752 15.687524744650448 16.989655577002566 17.367175961980244 18.394238300311095 19.339377382476634 14.730967215002515 16.924777483969635 15.2222138074669 20.050029234423494 18.953090178870426 16.66605374839115 18.196029301636337 16.917339927775259 17.483554290971416 18.964534914176255 16.351133898680771 14.950402585986236 17.685472129971391 16.078039075607926 17.551940874452136
 17.352827411969219 19.489828790614574 20.585309695411386 19.252802841637095 19.292161409306612 19.36140435028927 16.209244332722868 18.888350140900275 19.235519427166274 20.712604858014231 19.32098919790014 20.091323169840667 19.903502964214567 17.745982793396347 19.649069917842542 21.378889662995839 18.19146398550421 17.424247164786209 19.138741300682934 16.945823843403605 18.154581338075747 16.559791564295288 17.503137517578928 19.04561146967562 19.978119657692393 20.727834297955837 19.401545089119821 19.599919634205616 19.21072349148649 17.985666082386903 17.380637181305783 20.269110173146874 17.203339813098161 19.453560519378264 18.918376942615026 18.595987680754792 20.480134436600082 20.211596439129174 20.02095453244787 17.62350800860267 17.152259614912182 17.283100626415685 18.731189099266846 18.633779630661856 20.834279982619339 18.059389698612762 17.214808114517066 17.782677710430736 18.796108148624569 20.332823786878681 18.748535819435329 18.668196925907825 19.427364723761077 19.220876706302938 19.944688776709203 17.563057059109127 17.119260670052977 19.826122278502087 16.93072385899341 19.38191749935114
 15.419495508149696 18.91907447427144 19.791082102402545 16.943481069603191 17.674936360719837 18.065064681557242 14.523590993564698 18.445395154586649 17.758627195704047 19.026575159418297 19.684711317988764 18.649505834395981 20.426119003861924 17.882674818961235 18.451346519489952 20.585112613085727 17.100083602031976 16.450771995220531 18.355279398288886 16.889556853550232 17.938771118278847 15.698833160837832 16.396535097712579 19.055763590284656 18.572849154508702 18.566059984820093 18.734878592639529 17.99700147957299 18.356139280659644 18.563635297640211 16.710263251779228 18.776950286270626 16.968103850573407 19.090988046755275 18.088144578905492 16.817409792298555 18.495336191047453 19.699626940940391 18.287603878282422 17.540185126830892 15.847044012988411 16.579116358803514 17.754813584332656 19.132943724895139 19.779432869285756 16.132985729811171 16.478575794421509 17.063113550048843 19.84828990365374 19.755844803948825 18.196510176424628 18.020697990162613 17.045588378052038 18.464277730214452 19.382269138223812 16.958380271104701 16.086030319755331 18.607785354942806 16.321777217554601 18.866678225772553
 15.922831904011188 18.390255374841228 19.87042217076587 17.195378340553169 17.923706097144468 18.008583838264901 13.622829146200374 16.889062160304849 19.069545537139646 17.719475242616053 18.363551017726852 18.111846890041512 19.70184537583161 18.445599965778477 17.672190217001109 19.757068094566591 17.18335908026604 15.697250369150971 19.423248178124958 16.372464019416007 17.369905461649452 15.313260794437463 16.630820896929734 18.942018866099581 19.712281563342909 20.037763866195178 17.615919907950122 17.636063745308494 18.089701944011853 18.252749406281783 17.661350330634246 19.296902411021343 16.693014205239855 19.065733942567277 16.713609637414219 17.055548317044916 19.746540745640822 19.378485587692399 17.413998345850608 18.246328319325823 14.2278784386222 16.711562853418215 17.831416945261136 17.712925098473907 18.189198896440537 16.198519951529658 16.341387973677865 17.197377425832812 18.875599793784762 19.895782113234425 17.927656497680033 17.085018138998432 16.897830858551288 17.978856160454313 18.388655402691487 16.057223456220374 15.653834971409257 18.338187214639809 16.901594067580735 18.825235209376487
 13.660476742494748 18.016650603455531 18.331423309456362 16.480332323010476 15.312559546401985 17.999334112592951 13.163066429504427 15.729324888064228 16.478715604797983 16.625751376500407 17.600391882645731 18.078069238623993 17.950920257179714 15.898918673017649 16.568415836646892 17.899151664456554 16.731387020810569 15.010191404429188 17.180157770383971 15.548669507688238 15.353767806423507 14.78934791268661 15.492617443465853 15.945582405626316 17.934482867895504 17.237795100686611 17.333422125026221 15.60472727842979 16.625300539888812 16.347999260566475 15.963121536753238 17.546749899029184 16.815008939514438 18.725833535980151 16.404188760608616 17.27106678962852 17.160652501178681 18.67070792167674 18.307008827899779 17.04371962053381 15.883808501083514 15.206110674995628 18.076911766068921 17.618195527204939 18.585581396965669 16.015921975359245 15.705921714830637 17.09671744219472 18.85370222337701 19.030606099352042 15.450913872173187 15.579012744736689 15.699178739402013 18.348253629186676 16.873799291897861 15.126785814559454 15.194491535716129 17.040315525510703 15.834601043928748 15.967104845986166
 15.866808993744245 18.682738305500301 20.850627258505192 18.346932047377138 17.896009722198468 18.925208532480756 15.360513867401746 17.817980977158093 19.304960156665341 18.260362180724602 19.13893282301618 19.619467427283904 19.523947753754442 18.428492698689432 18.110798948663184 21.05976507369417 19.381306754557617 15.9515951366898 18.713476770545974 17.375339141170322 18.036416997012871 16.89195894995451 17.286097273119864 20.157008652210816 18.991857231653814 19.622425111996819 18.692329312743105 19.654528842551954 18.989133813596936 18.408311466044985 18.208072752578978 20.756705414167964 18.18657814130535 18.478184059390973 18.332291758062329 18.438597107725318 19.282997723371846 21.208137515794999 20.115181933017777 18.675095501818976 16.929106382760867 17.5778321761398 18.92519499782011 18.571074454638278 18.874836636808126 16.462768392189034 17.693893498349897 17.476510474480587 19.473617809037712 20.975344342311036 17.666716922736967 17.356171002372868 18.69799447615824 19.946922411622452 19.852551271435086 17.54962455095616 16.173443890109478 19.93789443798358 17.003643391175309 18.453157404248298
 14.990204613489086 18.198240675600466 17.827650622580968 17.14873520152706 16.933893658275789 18.891164233410585 13.780700953956909 17.110190032986484 17.088152047600786 18.034109239218669 19.754123976427337 18.472397214106909 18.217755974096626 16.26652106501043 17.975736328967624 19.784003819130596 16.740440784393837 15.383576754609738 18.079148894855575 16.430917421664113 17.325688391835179 14.977719924617682 16.486130049091539 17.770539598183536 18.749633025838985 18.886093497347506 17.000987985032953 16.245104928607606 17.029383755385016 17.573642187583285 16.091189756494902 18.725895885165201 16.802741421487053 17.907573116742057 15.774782720636257 15.959239550746149 19.012923595563471 17.952100748457411 18.14352790286657 16.428430825975191 15.747325260253556 17.059654758400733 16.571749786636754 17.032054102644263 19.067497882399696 15.053338787323961 15.480364532062401 17.560598303443872 17.04863364182663 19.192422219769533 18.106346999839218 17.434403893554368 17.580449762699192 17.657248501313433 18.677883641221548 16.393889702419635 15.256955193624316 17.1128137778792 15.23247407916995 18.180155520836685
 13.960582324325959 18.729438217000109 17.984144683965795 18.806420857826637 15.881943133480776 17.790049404529114 15.981712199483464 17.865313380493767 18.350365629872691 17.717162847551396 18.623702347617648 17.777910092826364 19.526885144950505 17.102433652997064 16.52149166208881 21.641246603153569 16.096820407936853 16.036761009123136 19.675484268774547 15.526221659499544 15.111011111988685 15.900879818751797 15.897995942319426 17.256742937042006 18.557796901626549 18.417548459577812 18.084461645970116 16.992453734105769 17.88115964502801 16.836715891828238 15.669661030512509 17.425105957321644 14.404208762851576 19.041033992705191 17.235660457750324 15.670441700577713 18.663679719456866 18.774358159047125 17.405976709360157 17.075454753159391 16.276256178965472 15.199494607254067 15.421834153420974 17.367135935076735 18.579042474083774 16.343671864879145 15.61085445091334 15.851478133722701 18.227283525199198 19.071013328248327 15.571106265203321 18.118639047620391 16.302019574930981 17.216107494784577 19.238987507459985 17.47965245445592 17.057210502349712 17.994840046995691 15.992619500465301 17.042944940725022
 13.909009113952916 16.258423267207402 16.875549239538149 16.392561828364624 14.686607108395751 15.722397588821853 13.500254391907443 15.788177599079681 15.720067510060678 16.209240089639433 18.18208698745282 16.158559435083319 16.962942596739797 15.477763380168852 15.705908935053978 15.89867473258186 15.321158875258515 14.064798274076914 17.062624030810991 14.722720288554916 16.28704623613956 14.262588301773938 14.281879412697865 14.350584142079958 16.743708433866011 15.886215751929601 15.884906072146768 16.337533719602956 17.175268945721587 16.110236174138134 14.715045036298299 16.226560700884455 14.457875737722151 17.336229213581646 14.826426553308687 15.406152020889266 15.400147903702525 15.645055663895326 15.263305335246445 16.354223225618615 14.23387983167658 15.064922271978697 16.856821134857441 15.927504142477249 16.117944845628795 14.157561381275929 15.27481492512713 14.376784925860889 17.058634616894786 17.624608240448175 15.74212628754106 15.489192687177221 14.720411084453167 16.373501969021763 16.753943041762422 13.42700841546255 14.689863552459455 16.569182021369141 13.181366950877884 16.504196917815968
 16.036712536193338 18.173214714086306 17.807365773097349 17.673792385680638 16.164875194304923 18.693177292629237 14.829416439392871 17.223237890805351 19.021654232296616 18.931635962306686 18.000744030529397 18.065454381741954 18.489764525432474 17.540166479964125 19.095131524178871 20.582412768338365 17.303289756824274 16.44442081819637 17.780397021084838 15.909880424822591 15.990088759933991 15.692990614099251 16.019356438058423 17.946264366844996 18.411429379176365 19.026422426592557 17.612080908073224 19.078633984621575 19.145631107711225 17.655924294636112 16.223620074542151 19.165571051265626 16.690475629546256 19.563314914528146 17.304061178122858 17.39249438475208 18.2546117711912 19.070355437063732 18.62539902251239 17.709493719809853 16.849919077919324 18.222824344092317 18.976067767914859 17.861063641573271 20.232752295107719 15.797965388491521 16.245758147897067 17.031547991000849 19.168811873549075 19.974554097927975 16.953060366190304 16.048136889941105 18.309999791158745 18.440658906683829 18.493255879812807 17.860984188526999 16.516055806882139 17.235295275555188 15.434318688277266 18.380010906552574
 13.292443541917425 15.719272475110953 16.32969106813211 15.360294478498151 13.823735585413232 14.780459569915822 13.451817047600835 14.608431936801098 14.960362941198971 15.108105164979108 16.982653395915353 14.957496507003773 16.176317165313026 15.192116644907443 15.275370362255435 18.180683860775471 15.079569697474223 12.676259350433451 15.802953966895723 13.507690987939322 14.227874460302969 13.583766856424429 13.333503875775323 15.295694904857834 15.801123133336182 16.398723406449406 14.821815544354987 14.852260738418506 14.829323186453236 14.791123559975702 12.145662139044731 16.321184720299545 14.682174680414668 15.846635714738111 14.465485956662585 13.478417695764401 16.175344035389099 16.692742129846806 14.965030402202506 14.448145975962509 12.669361832436277 13.491854922372825 14.823222710690649 14.584558614707147 15.35505057107191 13.847590742420257 14.051409319485687 13.897800620145262 15.597352909601728 17.388109631545191 14.663128803157836 14.833851848469768 13.79437618469723 14.451302658655568 16.578975206590851 15.331784296828273 13.146335776706559 15.191913696012724 13.501100377332675 16.60634752135331
 14.999801942171063 19.078031713168873 19.469406056060521 17.944815810349258 16.603638098957326 18.813923745333263 14.951671769354585 16.109507901415814 17.716587560712941 17.823583344652032 19.50169494661592 17.676851335854767 19.598934669649022 17.638969955775398 17.922419195408132 19.928631370323199 17.874722773662079 14.847531588913721 18.3931098086193 16.747007396987961 16.602162171187327 16.052992914127227 16.462298599954 16.687333096446515 19.491464755373908 18.132933695425599 16.728341103621403 18.530263467269695 17.844503861945984 18.115110710888441 15.567973126266546 20.319443269852169 17.086609906843734 18.768939127385895 17.358967226641912 17.881812546196056 19.254868134681065 18.999041280550113 19.137853081240252 15.785071420217207 16.21340731966264 16.359528146156279 17.918470572934979 18.335516112070529 19.145727540923886 16.711794879379511 17.205914263970303 16.755383147471555 18.229067100443885 18.91705797856666 17.619326458120746 17.785793849671808 17.656173683134156 18.532955997874833 19.355835464611229 16.951845226716273 15.106452349871747 18.395914453019234 16.849179582893594 18.413622727824599


